time_lag <- 100
K <- 9
age_dist <- 
c(0.118574863476131, 0.115752003134772, 0.12863483070627, 0.158984676786142, 0.150148122961526, 0.154368236677233,
0.105371638917985, 0.0496721490268388, 0.0184934783131012)
pop_t <- 59020000
t0 <- 0
t_data <- 2
tmax <- 43
tmax2 <- 43
tswitch <- 24
S <- 50
Swhatever <- 143
ts <- 
c(1, 2, 3, 4, 5, 6, 7, 8, 9, 10, 11, 12, 13, 14, 15, 16, 17, 18, 19, 20, 21, 22, 23, 24, 25, 26, 27, 28, 29, 30, 31, 32, 33, 34, 35,
36, 37, 38, 39, 40, 41, 42, 43, 44, 45, 46, 47, 48, 49, 50)
ts_extra <- c(51, 52, 53, 54, 55, 56, 57, 58, 59, 60, 61, 62, 63, 64, 65, 66, 67, 68, 69, 70,
71, 72, 73, 74, 75, 76, 77, 78, 79, 80, 81, 82, 83, 84, 85, 86, 87, 88, 89, 90, 91, 92, 93, 94, 95, 96, 97, 98, 99, 100, 101, 102, 103, 104,
105, 106, 107, 108, 109, 110, 111, 112, 113, 114, 115, 116, 117, 118, 119, 120, 121, 122, 123, 124, 125, 126, 127, 128, 129, 130, 131, 132,
133, 134, 135, 136, 137, 138, 139, 140, 141, 142, 143)
D <- 42
incidence_cases <- 
c(20, 7, 27, 13, 40, 27, 40, 76, 67, 138, 125, 177, 230, 250, 414, 461, 616, 661, 844, 1286, 1484, 1893, 2339, 2609,
2484, 2598, 2553, 2454, 2203, 2143, 2009, 2879, 1744, 1483, 1267, 1108, 730, 622, 436, 292, 160, 83)
incidence_deaths <- 
c(0, 0, 0, 0, 0, 0, 0, 0, 0, 0, 0, 0, 1, 0, 1, 0, 0, 1, 1, 2, 3, 7, 7, 14, 13, 21, 23, 23, 33, 38, 40, 40, 50, 56, 58,
64, 64, 76, 78, 85, 95, 85)
agedistr_cases <- 
c(416, 549, 3619, 7600, 8571, 10008, 8583, 3918, 1408)
agedistr_deaths <- 
c(0, 1, 7, 18, 38, 130, 309, 312, 208)
p_beta <- 1
p_eta <- 
c(1, 1)
p_pi <- 
c(1, 999)
p_incubation <- 5.6
p_infectious <- 2.9
p_psi <- 0.49
p_epsilon <- 
c(1, 1)
p_phi <- 0.01
p_rho <- 
c(1, 1)
p_xi <- 1
p_nu <- 0.2
G <- 60
p_gamma <- 
c(2.09684753737558e-06, 0.000132019123956822, 0.00115731464972174, 0.00421573276068498, 0.00965306291744055, 0.0168194489763876,
0.024629708930221, 0.0320774044389765, 0.038466025643508, 0.0434332294855151, 0.0468820275499212, 0.0488912688352894, 0.0496379101864372,
0.049340402878571, 0.0482221101716813, 0.0464902536577958, 0.0443256228724282, 0.0418791438632311, 0.0392724703278992, 0.036600689023525,
0.033935932400518, 0.0313311809537464, 0.02882386109063, 0.0264390480563363, 0.0241922058447767, 0.0220914653183689, 0.0201394776460742,
0.0183348958144401, 0.016673540897594, 0.0151493073537353, 0.0137548561213622, 0.0124821376447682, 0.0113227802437869, 0.0102683730150654,
0.0093106669586161, 0.00844171333319487, 0.0076539543301437, 0.00694027794364776, 0.00629404631365052, 0.00570910473160993,
0.00517977684070072, 0.00470085025288766, 0.0042675557784493, 0.00387554266292444, 0.00352085160572619, 0.00319988685620045,
0.00290938831624464, 0.00264640429948453, 0.00240826538606826, 0.00219255965408253, 0.00199710945140043, 0.00181994978596636,
0.00165930835072867, 0.00151358715591376, 0.0013813457115976, 0.00126128568415969, 0.00115223693849587, 0.00105314487181949,
0.000963058942894227, 0.000881122301460636)
inference <- 1
doprint <- 0
